0.000000000000000000e+00 -1.382091162827423274e-17 inf
1.567150140892457910e-02 1.567151795142423740e-02 -1.055578481387536112e-04
3.134527633310827538e-02 3.134527628578114705e-02 1.509864766368534532e-07
4.702359921571248186e-02 4.702356705101860129e-02 6.840117391485803081e-05
6.270874635608189585e-02 6.270868229508447245e-02 1.021563994592366735e-04
7.840299683878310111e-02 7.840291406592667101e-02 1.055735874488378251e-04
9.410863346377978944e-02 9.410855441149303113e-02 8.400109941956924087e-05
1.098279436781246371e-01 1.098278953797314772e-01 4.397641578489801430e-05
1.255632205095474352e-01 1.255632290185898781e-01 -6.776699744034859407e-06
1.413167635023213076e-01 1.413168473760160748e-01 -5.935155369297576795e-05
1.570908796557883846e-01 1.570910424999580335e-01 -1.036623959364565652e-04
1.728878843659277520e-01 1.728881064383635535e-01 -1.284488132965371594e-04
1.887101023703513514e-01 1.887102972354592345e-01 -1.032616195081620950e-04
2.045598686971113744e-01 2.045599487043632814e-01 -3.911190030406125416e-05
2.204395296177085184e-01 2.204394665463610126e-01 2.861163223093760705e-05
2.363514436046882938e-01 2.363512564627377743e-01 7.917952506036059592e-05
2.522979822942179040e-01 2.522977241547789684e-01 1.023153005776204365e-04
2.682815314540346052e-01 2.682812753237698300e-01 9.547070325230580100e-05
2.843044919571625639e-01 2.843043156709958441e-01 6.200611376424960996e-05
3.003692807617942551e-01 3.003692508977421904e-01 9.942445508701812747e-06
3.164783318977371085e-01 3.164784867052943262e-01 -4.891568920041374820e-05
3.326340974598270273e-01 3.326344287949374867e-01 -9.960948471299733412e-05
3.488390486087157849e-01 3.488394828679571846e-01 -1.244869928213867757e-04
3.650956765794392544e-01 3.650960365971048782e-01 -9.860912870750860356e-05
3.814064936981787501e-01 3.814066329499868901e-01 -3.651007794592019329e-05
3.977740344076308165e-01 3.977739105701702527e-01 3.113261546805094022e-05
4.142008563014029643e-01 4.142005081012221646e-01 8.406553861548591406e-05
4.306895411678585694e-01 4.306890641867096581e-01 1.107482544428610178e-04
4.472426960438363741e-01 4.472422174701998210e-01 1.070053554337348900e-04
4.638629542786746329e-01 4.638626065952597410e-01 7.495390862427194487e-05
4.805529766089748356e-01 4.805528702054566170e-01 2.214189140381429510e-05
4.973154522445422110e-01 4.973156469443575922e-01 -3.915016404627795493e-05
5.141530999659480461e-01 5.141535754555297544e-01 -9.248015459593252724e-05
5.310686692341607396e-01 5.310692943825401358e-01 -1.177151686047888833e-04
5.480649413126980063e-01 5.480654394216482039e-01 -9.088502340700611859e-05
5.651447304027595875e-01 5.651448887903710583e-01 -2.802602642298778629e-05
5.823108847918022635e-01 5.823106449141621788e-01 4.119408486936871353e-05
5.995662880160277375e-01 5.995657102184758225e-01 9.636925281889079369e-05
6.169138600372556791e-01 6.169130871287652473e-01 1.252862904369000680e-04
6.343565584346635422e-01 6.343557780704843774e-01 1.230166487267747349e-04
6.518973796118803232e-01 6.518967854690869146e-01 9.114054021238292226e-05
6.695393600199248674e-01 6.695391117500264500e-01 3.708070253107015351e-05
6.872855773964887671e-01 6.872857593387569075e-01 -2.647258637808260514e-05
7.051391520220720022e-01 7.051397306607318782e-01 -8.206020871437168316e-05
7.231032479934781376e-01 7.231040281414050641e-01 -1.078888705162509834e-04
7.411810745151961033e-01 7.411816661940033857e-01 -7.982918447687118151e-05
7.593758872091898038e-01 7.593760010050579767e-01 -1.498544661342427385e-05
7.776909894436330184e-01 7.776905476599782485e-01 5.680709443296164032e-05
7.961297336811312686e-01 7.961288212441738343e-01 1.146090792533710370e-04
8.146955228469816568e-01 8.146943368430547006e-01 1.455763403254866674e-04
8.333918117180256768e-01 8.333906095420301474e-01 1.442509967851903407e-04
8.522221083326679825e-01 8.522211544265100303e-01 1.119316371431014988e-04
8.711899754226304360e-01 8.711894865819038714e-01 5.611184016752333344e-05
8.902990318670299663e-01 8.902991210936215261e-01 -1.002209239435293606e-05
9.095529541693715414e-01 9.095535730470726277e-01 -6.804196481901795418e-05
9.289554779580589949e-01 9.289563575276665874e-01 -9.468372042176730063e-05
9.485103995110388819e-01 9.485110171380924937e-01 -6.511547516296927645e-05
9.682215773051947583e-01 9.682215524535373596e-01 2.566732448557527139e-06
9.880929335911303735e-01 9.880921655181589269e-01 7.773286756085322896e-05
1.008128455993977823e+00 1.008127058376114826e+00 1.386348986269889843e-04
1.028332199140889358e+00 1.028330433071561689e+00 1.717411289021504497e-04
1.048708286315875871e+00 1.048706491648658146e+00 1.711312136218173232e-04
1.069260911142662751e+00 1.069259436151561049e+00 1.379449193673199371e-04
1.089994339296260106e+00 1.089993468624427697e+00 7.987856459615414080e-05
1.110912910243933016e+00 1.110912791111415832e+00 1.072383947346333557e-05
1.132021039016293917e+00 1.132021605656682972e+00 -5.005564115196484051e-05
1.153323218009233653e+00 1.153324114304386860e+00 -7.771413418302347911e-05
1.174824018817425930e+00 1.174824563509939468e+00 -4.636375361869187508e-05
1.196528094100159034e+00 1.196527796609440308e+00 2.486282772571202085e-05
1.218440179480250407e+00 1.218438910968077771e+00 1.041095159203842024e-04
1.240565095476823254e+00 1.240563003951040022e+00 1.685946018357247487e-04
1.262907749472730323e+00 1.262905172923514563e+00 2.040172147835864192e-04
1.285473137717432213e+00 1.285470515250689783e+00 2.040078991527416561e-04
1.308266347366144000e+00 1.308264128297754292e+00 1.696190071827370746e-04
1.331292558556082639e+00 1.331291109429895370e+00 1.088510694329483419e-04
1.354557046520666219e+00 1.354556556012301849e+00 3.621171700595285684e-05
1.378065183742523736e+00 1.378065565410161009e+00 -2.769590595388359271e-05
1.401822442146195336e+00 1.401823234988661460e+00 -5.655798068907035047e-05
1.425834395331420534e+00 1.425834725620395593e+00 -2.316460986916801852e-05
1.450106720847919251e+00 1.450105963563717459e+00 5.222265305744549873e-05
1.474645202512605113e+00 1.474643194262458268e+00 1.361853104342434541e-04
1.499455732770162975e+00 1.499452663160447896e+00 2.047149274228640833e-04
1.524544315097967395e+00 1.524540615701517554e+00 2.426558817087157637e-04
1.549917066456313108e+00 1.549913297329497119e+00 2.431824836025956219e-04
1.575580219784965319e+00 1.575576953488218468e+00 2.073075496782300154e-04
1.601540126547042142e+00 1.601537829621511477e+00 1.434197927726653756e-04
1.627803259321272344e+00 1.627802171173207135e+00 6.684764015418520025e-05
1.654376214443686433e+00 1.654376223587135986e+00 -5.526826046713525099e-07
1.681265714699812452e+00 1.681266232307128794e+00 -3.078676450818826170e-05
1.708478612068486946e+00 1.708478528529643992e+00 4.889662789115605992e-06
1.736021890518386623e+00 1.736020415294343699e+00 8.497727194461661567e-05
1.763902668858438272e+00 1.763899595809864662e+00 1.742187155711089497e-04
1.792128203643254647e+00 1.792123773284843846e+00 2.472121359283438479e-04
1.820705892134791837e+00 1.820700650927917330e+00 2.878667497671099002e-04
1.849643275321437130e+00 1.849637931947722524e+00 2.888867159359262914e-04
1.878948040995749746e+00 1.878943319552895508e+00 2.512811824076017272e-04
1.908628026892127405e+00 1.908624516952073025e+00 1.838985912878821484e-04
1.938691223885659065e+00 1.938689227353892042e+00 1.029834840342355170e-04
1.969145779253487216e+00 1.969145153966988859e+00 3.175420047336277861e-05
2.000000000000000000e+00 2.000000000000000000e+00 0.000000000000000000e+00
